1.004058
1.012605
1.021151
1.029697
1.038242
1.046787
1.055332
1.063876
1.072419
1.080962
1.089503
1.098043
1.106583
1.115121
1.123657
1.132193
1.140727
1.149259
1.157790
1.166319
1.174846
1.183371
1.191894
1.200415
1.208934
1.217450
1.225964
1.234476
1.242985
1.251492
1.259996
1.268497
1.276995
1.285491
1.293983
1.302472
1.310958
1.319440
1.327919
1.336394
1.344866
1.353334
1.361797
1.370251
1.378669
1.386888
1.393904
1.393680
1.353712
1.170500
0.844366
0.650963
0.606875
0.605833
0.612711
0.620907
0.629321
0.637774
0.646237
0.654705
0.663176
0.671651
0.680130
0.688613
0.697098
0.705587
0.714079
0.722574
0.731073
0.739574
0.748078
0.756584
0.765093
0.773605
0.782119
0.790636
0.799155
0.807676
0.816199
0.824724
0.833251
0.841780
0.850310
0.858843
0.867377
0.875912
0.884449
0.892987
0.901526
0.910067
0.918608
0.927151
0.935694
0.944238
0.952782
0.961328
0.969873
0.978419
0.986965
0.995512